a: 140     304     306     162     63
b: 173     16      56      24      11
c: 198     40      56      150     31
d: 111     20      75      69      118
e: 72      241     177     318     422
f: 135     8       25      35      26
g: 115     11      67      76      41
h: 69      144     9       28      137
i: 34      201     266     158     11
j: 20      2       3       2       0
k: 20      10      12      55      113
l: 87      200     112     162     155
m: 107     38      61      68      42
n: 37      87      137     182     130
o: 41      279     243     132     58
p: 141     61      57      50      56
q: 23      5       1       0       0
r: 105     267     163     150     212     
s: 365     16      80      171     36
t: 149     77      111     139     253
u: 33      185     165     82      1
v: 43      15      49      45      0
w: 82      44      26      25      17
x: 0       14      12      3       8
y: 6       22      29      3       364
z: 3       2       11      20      4
